1700687340804 1.206519365310669 0
1700687340808 1.1990830898284912 1
1700687340810 1.1917603015899658 2
1700687340814 1.1845498085021973 3
1700687340819 1.1774507761001587 4
1700687340824 1.1704626083374023 5
1700687340827 1.163584589958191 6
1700687340831 1.1568158864974976 7
1700687340837 1.1501553058624268 8
1700687340840 1.1436022520065308 9
1700687340844 1.1371560096740723 10
1700687340848 1.1308151483535767 11
1700687340853 1.1245794296264648 12
1700687340856 1.1184474229812622 13
1700687340859 1.1124184131622314 14
1700687340862 1.1064914464950562 15
1700687340865 1.100665807723999 16
1700687340870 1.094939947128296 17
1700687340875 1.0893135070800781 18
1700687340883 1.083785057067871 19
1700687340886 1.0783538818359375 20
1700687340892 1.0730187892913818 21
1700687340895 1.0677788257598877 22
1700687340898 1.0626330375671387 23
1700687340901 1.0575803518295288 24
1700687340904 1.0526198148727417 25
1700687340907 1.0477502346038818 26
1700687340909 1.0429707765579224 27
1700687340912 1.0382800102233887 28
1700687340914 1.0336774587631226 29
1700687340918 1.0291616916656494 30
1700687340922 1.0247315168380737 31
1700687340925 1.0203862190246582 32
1700687340928 1.0161246061325073 33
1700687340931 1.011945366859436 34
1700687340934 1.007847547531128 35
1700687340937 1.0038303136825562 36
1700687340940 0.9998735785484314 37
1700687340943 0.9945414662361145 38
1700687340945 0.9893046021461487 39
1700687340948 0.9841618537902832 40
1700687340951 0.979111909866333 41
1700687340954 0.9741542339324951 42
1700687340958 0.9692875146865845 43
1700687340960 0.9645109176635742 44
1700687340962 0.9598232507705688 45
1700687340965 0.9552232027053833 46
1700687340967 0.9507099390029907 47
1700687340971 0.9462825059890747 48
1700687340974 0.9419398307800293 49
1700687340977 0.9376808404922485 50
1700687340979 0.9335041046142578 51
1700687340981 0.9294089674949646 52
1700687340985 0.9253941774368286 53
1700687340989 0.9214587807655334 54
1700687340991 0.917601466178894 55
1700687340994 0.9138213992118835 56
1700687340996 0.9101172685623169 57
1700687340998 0.906488299369812 58
1700687341002 0.9029330611228943 59
1700687341006 0.8994507789611816 60
1700687341008 0.8960403800010681 61
1700687341011 0.8927005529403687 62
1700687341013 0.8894302845001221 63
1700687341015 0.8862287402153015 64
1700687341019 0.8830946087837219 65
1700687341022 0.880027174949646 66
1700687341025 0.8770248293876648 67
1700687341027 0.8740871548652649 68
1700687341029 0.8712127804756165 69
1700687341031 0.8684006333351135 70
1700687341034 0.8656496405601501 71
1700687341037 0.8629590272903442 72
1700687341946 0.8603276610374451 73
1700687341950 0.8577545881271362 74
1700687341955 0.8552387952804565 75
1700687341962 0.8527791500091553 76
1700687341965 0.8503748774528503 77
1700687341970 0.8480247259140015 78
1700687341976 0.8457281589508057 79
1700687341980 0.8434836268424988 80
1700687341982 0.8412907123565674 81
1700687341987 0.8391481637954712 82
1700687341991 0.8370553255081177 83
1700687341995 0.8350108861923218 84
1700687341998 0.8330142498016357 85
1700687342000 0.8310643434524536 86
1700687342008 0.8291604518890381 87
1700687342012 0.8273014426231384 88
1700687342016 0.8254868388175964 89
1700687342021 0.823715329170227 90
1700687342026 0.8219861388206482 91
1700687342030 0.8202986121177673 92
1700687342033 0.8186518549919128 93
1700687342037 0.8170449733734131 94
1700687342042 0.8154773116111755 95
1700687342045 0.8139477968215942 96
1700687342047 0.8124560713768005 97
1700687342050 0.8110007643699646 98
1700687342054 0.8095815777778625 99
