1700686909323 1.5898689031600952 0
1700686909332 1.577646017074585 1
1700686909337 1.5655500888824463 2
1700686909342 1.553580641746521 3
1700686909349 1.541738510131836 4
1700686909354 1.5300230979919434 5
1700686909360 1.518435001373291 6
1700686909366 1.5069738626480103 7
1700686909372 1.495639681816101 8
1700686909378 1.484432339668274 9
1700686909382 1.4733518362045288 10
1700686909387 1.4623982906341553 11
1700686909392 1.451570749282837 12
1700686909400 1.4408700466156006 13
1700686909406 1.4302955865859985 14
1700686909410 1.4198468923568726 15
1700686909414 1.4095243215560913 16
1700686909417 1.399327278137207 17
1700686909420 1.3892552852630615 18
1700686909422 1.379308819770813 19
1700686909425 1.3694864511489868 20
1700686909431 1.3597886562347412 21
1700686909434 1.3502148389816284 22
1700686909438 1.3407646417617798 23
1700686909440 1.3314377069473267 24
1700686909444 1.3222335577011108 25
1700686909449 1.3131518363952637 26
1700686909452 1.3041917085647583 27
1700686909455 1.2953532934188843 28
1700686909457 1.2866355180740356 29
1700686909461 1.2780382633209229 30
1700686909465 1.2695608139038086 31
1700686909467 1.261202335357666 32
1700686909470 1.2529624700546265 33
1700686909473 1.2448407411575317 34
1700686909478 1.2368361949920654 35
1700686909483 1.2289483547210693 36
1700686909487 1.2211767435073853 37
1700686909491 1.2135201692581177 38
1700686909500 1.2059786319732666 39
1700686909504 1.1985507011413574 40
1700686909508 1.1912356615066528 41
1700686909515 1.1840332746505737 42
1700686909520 1.1769423484802246 43
1700686909526 1.1699625253677368 44
1700686909536 1.1630921363830566 45
1700686909540 1.1563313007354736 46
1700686909546 1.1496785879135132 47
1700686909552 1.143133282661438 48
1700686909558 1.1366945505142212 49
1700686909567 1.1303614377975464 50
1700686909573 1.1241332292556763 51
1700686909579 1.1180086135864258 52
1700686909584 1.1119871139526367 53
1700686909590 1.106067419052124 54
1700686909595 1.10024893283844 55
1700686909602 1.0945302248001099 56
1700686909607 1.0889110565185547 57
1700686909611 1.0833896398544312 58
1700686909616 1.0779653787612915 59
1700686909620 1.0726370811462402 60
1700686909623 1.0674041509628296 61
1700686909627 1.0622649192810059 62
1700686909633 1.05721914768219 63
1700686909638 1.0522651672363281 64
1700686909642 1.0474021434783936 65
1700686909646 1.0426291227340698 66
1700686909650 1.0379449129104614 67
1700686909654 1.033348560333252 68
1700686909657 1.0288389921188354 69
1700686909661 1.0244150161743164 70
1700686909665 1.0200756788253784 71
1700686909669 1.0158199071884155 72
1700686909673 1.0116467475891113 73
1700686909677 1.0075548887252808 74
1700686909681 1.0035433769226074 75
1700686909684 0.9995428323745728 76
1700686909687 0.9942168593406677 77
1700686909689 0.9889857769012451 78
1700686909693 0.9838486313819885 79
1700686909699 0.9788045883178711 80
1700686909702 0.9738524556159973 81
1700686909704 0.9689912796020508 82
1700686909707 0.9642201662063599 83
1700686909710 0.9595377445220947 84
1700686909713 0.9549432396888733 85
1700686909716 0.9504353404045105 86
1700686909718 0.9460132122039795 87
1700686909721 0.9416757225990295 88
1700686909724 0.9374215602874756 89
1700686909727 0.9332500100135803 90
1700686909731 0.9291598796844482 91
1700686909735 0.9251499772071838 92
1700686909738 0.9212192893028259 93
1700686909740 0.9173668622970581 94
1700686909744 0.9135914444923401 95
1700686909750 0.9098920226097107 96
1700686909754 0.9062676429748535 97
1700686909757 0.902716875076294 98
1700686909762 0.8992390632629395 99
