1700678408257 4.741003513336182 0
1700678408264 4.625445365905762 1
1700678408270 4.514463424682617 2
1700678408277 4.409533500671387 3
1700678408283 4.313989162445068 4
1700678408288 4.22222900390625 5
1700678408294 4.134101867675781 6
1700678408303 4.049465656280518 7
1700678408310 3.968179941177368 8
1700678408315 3.8901140689849854 9
1700678408322 3.815139055252075 10
1700678408329 3.7431328296661377 11
1700678408335 3.673978805541992 12
1700678408341 3.607562303543091 13
1700678408358 3.543776750564575 14
1700678408367 3.4825165271759033 15
1700678408377 3.42368221282959 16
1700678408386 3.367178440093994 17
1700678408394 3.3129115104675293 18
1700678408400 3.260793924331665 19
1700678408405 3.210740327835083 20
1700678408417 3.162668466567993 21
1700678408420 3.1165003776550293 22
1700678408426 3.072160005569458 23
1700678408431 3.029576301574707 24
1700678408435 2.9886789321899414 25
1700678408440 2.9494004249572754 26
1700678408447 2.9116783142089844 27
1700678408450 2.8754491806030273 28
1700678408454 2.8406546115875244 29
1700678408460 2.8072383403778076 30
1700678408465 2.7751452922821045 31
1700678408469 2.744323253631592 32
1700678408472 2.7147216796875 33
1700678408478 2.6862924098968506 34
1700678408482 2.6589887142181396 35
1700678408485 2.6327664852142334 36
1700678408489 2.6075825691223145 37
1700678408493 2.5833957195281982 38
1700678408497 2.560166597366333 39
1700678408502 2.5378577709198 40
1700678408508 2.516432523727417 41
1700678408512 2.4958548545837402 42
1700678408516 2.4760923385620117 43
1700678408519 2.45711350440979 44
1700678408523 2.438884973526001 45
1700678408527 2.4213790893554688 46
1700678408531 2.4045655727386475 47
1700678408534 2.388418674468994 48
1700678408540 2.372910737991333 49
1700678408545 2.3580172061920166 50
1700678408549 2.3437130451202393 51
1700678408552 2.3299758434295654 52
1700678408557 2.3170430660247803 53
1700678408564 2.306349515914917 54
1700678408569 2.296079158782959 55
1700678408574 2.286215305328369 56
1700678408579 2.2767422199249268 57
1700678408583 2.267644166946411 58
1700678408588 2.258906364440918 59
1700678408593 2.250514268875122 60
1700678408598 2.242454767227173 61
1700678408602 2.2347147464752197 62
1700678408607 2.227280855178833 63
1700678408612 2.220141649246216 64
1700678408616 2.213284969329834 65
1700678408619 2.2066996097564697 66
1700678408623 2.200375556945801 67
1700678408627 2.1943016052246094 68
1700678408631 2.1884679794311523 69
1700678408635 2.182865858078003 70
1700678408638 2.177485227584839 71
1700678408642 2.1723179817199707 72
1700678408647 2.1673550605773926 73
1700678408650 2.1625888347625732 74
1700678408654 2.158010959625244 75
1700678408659 2.1536149978637695 76
1700678408664 2.149393081665039 77
1700678408667 2.1453380584716797 78
1700678408670 2.1414430141448975 79
1700678408674 2.1377029418945312 80
1700678408680 2.134111166000366 81
1700678408684 2.1306612491607666 82
1700678408687 2.1273481845855713 83
1700678408691 2.1241660118103027 84
1700678408695 2.1211097240448 85
1700678408699 2.1181750297546387 86
1700678408701 2.115355968475342 87
1700678408704 2.1126489639282227 88
1700678408709 2.11004900932312 89
1700678408715 2.1075518131256104 90
1700678408718 2.105154037475586 91
1700678408721 2.1028504371643066 92
1700678408727 2.1006386280059814 93
1700678408731 2.0985145568847656 94
1700678408734 2.0964744091033936 95
1700678408737 2.094514846801758 96
1700678408742 2.092633008956909 97
1700678408746 2.0908257961273193 98
1700678408749 2.089089870452881 99
