1700677971540 1.5898689031600952 0
1700677971551 1.577646017074585 1
1700677971555 1.5655502080917358 2
1700677971565 1.5535807609558105 3
1700677971570 1.541738748550415 4
1700677971575 1.530023455619812 5
1700677971585 1.5184355974197388 6
1700677971590 1.5069743394851685 7
1700677971599 1.4956400394439697 8
1700677971604 1.4844331741333008 9
1700677971608 1.4733525514602661 10
1700677971617 1.462398648262024 11
1700677971620 1.4515718221664429 12
1700677971625 1.440871000289917 13
1700677971633 1.4302963018417358 14
1700677971638 1.419847846031189 15
1700677971645 1.4095250368118286 16
1700677971651 1.3993281126022339 17
1700677971656 1.3892563581466675 18
1700677971664 1.3793094158172607 19
1700677971669 1.3694874048233032 20
1700677971674 1.3597897291183472 21
1700677971680 1.3502157926559448 22
1700677971685 1.3407657146453857 23
1700677971689 1.3314387798309326 24
1700677971697 1.322234869003296 25
1700677971702 1.3131530284881592 26
1700677971706 1.304193139076233 27
1700677971709 1.2953544855117798 28
1700677971714 1.2866368293762207 29
1700677971719 1.2780394554138184 30
1700677971722 1.269562005996704 31
1700677971726 1.261203646659851 32
1700677971733 1.252963900566101 33
1700677971737 1.2448419332504272 34
1700677971740 1.23683762550354 35
1700677971750 1.228949785232544 36
1700677971755 1.2211780548095703 37
1700677971761 1.2135215997695923 38
1700677971769 1.2059797048568726 39
1700677971773 1.1985520124435425 40
1700677971783 1.1912370920181274 41
1700677971788 1.1840347051620483 42
1700677971796 1.1769436597824097 43
1700677971800 1.1699635982513428 44
1700677971803 1.1630934476852417 45
1700677971807 1.1563323736190796 46
1700677971817 1.1496798992156982 47
1700677971821 1.143134593963623 48
1700677971824 1.1366959810256958 49
1700677971831 1.1303625106811523 50
1700677971834 1.1241345405578613 51
1700677971837 1.1180100440979004 52
1700677971838 1.1119884252548218 53
1700677971844 1.1060688495635986 54
1700677971849 1.100250244140625 55
1700677971850 1.0945316553115845 56
1700677971854 1.0889122486114502 57
1700677971855 1.0833905935287476 58
1700677971861 1.077966570854187 59
1700677971865 1.0726385116577148 60
1700677971866 1.067405104637146 61
1700677971870 1.062266230583191 62
1700677971871 1.057220220565796 63
1700677971875 1.0522663593292236 64
1700677971881 1.0474032163619995 65
1700677971882 1.0426299571990967 66
1700677971886 1.0379459857940674 67
1700677971888 1.033349633216858 68
1700677971891 1.0288399457931519 69
1700677971895 1.0244158506393433 70
1700677971899 1.0200767517089844 71
1700677971901 1.0158209800720215 72
1700677971905 1.0116477012634277 73
1700677971908 1.0075557231903076 74
1700677971914 1.0035442113876343 75
1700677971917 0.9995441436767578 76
1700677971919 0.9942177534103394 77
1700677971922 0.9889866709709167 78
1700677971924 0.9838496446609497 79
1700677971931 0.9788054823875427 80
1700677971935 0.9738535284996033 81
1700677971939 0.968992292881012 82
1700677971943 0.9642209410667419 83
1700677971948 0.9595388174057007 84
1700677971951 0.9549440741539001 85
1700677971954 0.9504362940788269 86
1700677971956 0.9460139274597168 87
1700677971959 0.9416764974594116 88
1700677971964 0.937422513961792 89
1700677971966 0.9332508444786072 90
1700677971970 0.9291605949401855 91
1700677971972 0.9251505732536316 92
1700677971974 0.9212201833724976 93
1700677971980 0.9173675775527954 94
1700677971984 0.9135921001434326 95
1700677971987 0.9098925590515137 96
1700677971990 0.9062681198120117 97
1700677971992 0.9027175307273865 98
1700677971999 0.8992396593093872 99
