1700675967173 1.206519365310669 0
1700675967179 1.1990830898284912 1
1700675967186 1.1917600631713867 2
1700675967193 1.1845498085021973 3
1700675967199 1.1774508953094482 4
1700675967206 1.1704628467559814 5
1700675967211 1.1635847091674805 6
1700675967219 1.1568158864974976 7
1700675967228 1.1501554250717163 8
1700675967236 1.1436024904251099 9
1700675967242 1.1371560096740723 10
1700675967249 1.1308153867721558 11
1700675967257 1.1245795488357544 12
1700675967264 1.1184475421905518 13
1700675967272 1.1124187707901 14
1700675967294 1.1064918041229248 15
1700675967301 1.1006659269332886 16
1700675967310 1.0949403047561646 17
1700675967338 1.0893137454986572 18
1700675967345 1.0837852954864502 19
1700675967352 1.078354001045227 20
1700675967357 1.0730187892913818 21
1700675967367 1.0677790641784668 22
1700675967375 1.0626331567764282 23
1700675967382 1.057580828666687 24
1700675967392 1.0526201725006104 25
1700675967402 1.047750473022461 26
1700675967407 1.042971134185791 27
1700675967411 1.0382803678512573 28
1700675967418 1.0336776971817017 29
1700675967423 1.029161810874939 30
1700675967428 1.0247318744659424 31
1700675967434 1.0203864574432373 32
1700675967439 1.0161247253417969 33
1700675967443 1.0119456052780151 34
1700675967450 1.007847785949707 35
1700675967456 1.0038306713104248 36
1700675967460 0.9998738765716553 37
1700675967469 0.9945418238639832 38
1700675967475 0.9893049597740173 39
1700675967481 0.9841619729995728 40
1700675967488 0.9791122674942017 41
1700675967492 0.974154531955719 42
1700675967497 0.9692878127098083 43
1700675967503 0.9645110964775085 44
1700675967508 0.9598233699798584 45
1700675967512 0.9552232623100281 46
1700675967519 0.950710117816925 47
1700675967524 0.9462828636169434 48
1700675967528 0.9419401288032532 49
1700675967534 0.9376808404922485 50
1700675967539 0.9335044026374817 51
1700675967543 0.9294092655181885 52
1700675967551 0.9253944158554077 53
1700675967556 0.9214587807655334 54
1700675967560 0.9176017045974731 55
1700675967566 0.9138215184211731 56
1700675967571 0.9101174473762512 57
1700675967574 0.9064885377883911 58
1700675967579 0.9029332399368286 59
1700675967586 0.8994508385658264 60
1700675967590 0.8960403800010681 61
1700675967594 0.8927004933357239 62
1700675967601 0.8894302845001221 63
1700675967606 0.8862287402153015 64
1700675967610 0.8830947279930115 65
1700675967616 0.8800270557403564 66
1700675967621 0.8770248293876648 67
1700675967625 0.8740871548652649 68
1700675967629 0.8712126016616821 69
1700675967635 0.8684004545211792 70
1700675967640 0.8656496405601501 71
1700675967645 0.8629590272903442 72
1700675967651 0.8603276610374451 73
1700675967657 0.8577545881271362 74
1700675967661 0.8552387952804565 75
1700675967668 0.852778971195221 76
1700675967672 0.8503746390342712 77
1700675967677 0.8480246067047119 78
1700675967683 0.8457279205322266 79
1700675967687 0.8434835076332092 80
1700675967693 0.8412906527519226 81
1700675967701 0.8391481041908264 82
1700675967706 0.8370550274848938 83
1700675967711 0.835010826587677 84
1700675967717 0.8330140113830566 85
1700675967723 0.8310644626617432 86
1700675967727 0.8291602730751038 87
1700675967733 0.8273012638092041 88
1700675967740 0.8254866003990173 89
1700675967745 0.8237149715423584 90
1700675967751 0.8219859600067139 91
1700675967761 0.820298433303833 92
1700675967773 0.8186516761779785 93
1700675967786 0.8170447945594788 94
1700675967797 0.8154771327972412 95
1700675967808 0.8139476180076599 96
1700675967813 0.8124557137489319 97
1700675967824 0.8110005855560303 98
1700675967829 0.8095815181732178 99
