1700687061858 4.741003513336182 0
1700687061865 4.625445365905762 1
1700687061872 4.514463424682617 2
1700687061879 4.409533500671387 3
1700687061883 4.313989162445068 4
1700687061888 4.22222900390625 5
1700687061894 4.134101867675781 6
1700687061902 4.049465656280518 7
1700687061906 3.9681801795959473 8
1700687061910 3.8901140689849854 9
1700687061915 3.815139055252075 10
1700687061920 3.743133068084717 11
1700687061925 3.673978805541992 12
1700687061929 3.607562303543091 13
1700687061934 3.5437772274017334 14
1700687061938 3.4825170040130615 15
1700687061944 3.423682928085327 16
1700687061950 3.3671789169311523 17
1700687061956 3.3129119873046875 18
1700687061960 3.2607946395874023 19
1700687061964 3.2107410430908203 20
1700687061968 3.1626691818237305 21
1700687061972 3.1165013313293457 22
1700687061976 3.0721616744995117 23
1700687061981 3.0295779705047607 24
1700687061987 2.988679885864258 25
1700687061993 2.949401617050171 26
1700687061998 2.91167950630188 27
1700687062001 2.875450611114502 28
1700687062013 2.8406565189361572 29
1700687062019 2.8072400093078613 30
1700687062022 2.7751474380493164 31
1700687062027 2.7443251609802246 32
1700687062032 2.7147231101989746 33
1700687062036 2.686293840408325 34
1700687062039 2.6589906215667725 35
1700687062042 2.632768392562866 36
1700687062048 2.6075844764709473 37
1700687062053 2.583397388458252 38
1700687062055 2.560168981552124 39
1700687062058 2.537860155105591 40
1700687062064 2.51643443107605 41
1700687062068 2.4958574771881104 42
1700687062071 2.476095199584961 43
1700687062074 2.457115411758423 44
1700687062078 2.438887119293213 45
1700687062083 2.4213812351226807 46
1700687062087 2.4045684337615967 47
1700687062091 2.388421058654785 48
1700687062097 2.372913122177124 49
1700687062102 2.3580193519592285 50
1700687062105 2.3437154293060303 51
1700687062107 2.3299779891967773 52
1700687062111 2.3170456886291504 53
1700687062116 2.3063511848449707 54
1700687062120 2.2960808277130127 55
1700687062123 2.286216974258423 56
1700687062130 2.2767441272735596 57
1700687062138 2.267646312713623 58
1700687062141 2.258908271789551 59
1700687062146 2.250516653060913 60
1700687062151 2.242457151412964 61
1700687062156 2.2347168922424316 62
1700687062159 2.227282762527466 63
1700687062165 2.2201437950134277 64
1700687062169 2.213287353515625 65
1700687062173 2.20670223236084 66
1700687062176 2.2003777027130127 67
1700687062181 2.1943039894104004 68
1700687062185 2.1884706020355225 69
1700687062188 2.182868003845215 70
1700687062190 2.177487373352051 71
1700687062195 2.1723198890686035 72
1700687062198 2.1673572063446045 73
1700687062202 2.162590503692627 74
1700687062205 2.158012866973877 75
1700687062209 2.1536166667938232 76
1700687062215 2.149394989013672 77
1700687062220 2.1453394889831543 78
1700687062223 2.1414453983306885 79
1700687062229 2.137705087661743 80
1700687062235 2.13411283493042 81
1700687062237 2.1306629180908203 82
1700687062240 2.127349853515625 83
1700687062243 2.1241676807403564 84
1700687062249 2.121112108230591 85
1700687062253 2.1181766986846924 86
1700687062256 2.1153578758239746 87
1700687062259 2.1126508712768555 88
1700687062263 2.110051155090332 89
1700687062267 2.107553720474243 90
1700687062271 2.1051554679870605 91
1700687062274 2.1028525829315186 92
1700687062278 2.100640296936035 93
1700687062282 2.0985162258148193 94
1700687062286 2.0964760780334473 95
1700687062290 2.0945167541503906 96
1700687062294 2.092634916305542 97
1700687062298 2.090827465057373 98
1700687062303 2.0890915393829346 99
