1700679633221 1.249078392982483 0
1700679633226 1.2410123348236084 1
1700679633231 1.2330636978149414 2
1700679633235 1.2252312898635864 3
1700679633238 1.2175146341323853 4
1700679633243 1.209912896156311 5
1700679633248 1.2024253606796265 6
1700679633251 1.1950515508651733 7
1700679633256 1.1877903938293457 8
1700679633260 1.1806409358978271 9
1700679633264 1.1736031770706177 10
1700679633267 1.1666754484176636 11
1700679633272 1.1598573923110962 12
1700679633278 1.1531481742858887 13
1700679633283 1.146546721458435 14
1700679633288 1.140052318572998 15
1700679633293 1.1336640119552612 16
1700679633296 1.1273810863494873 17
1700679633300 1.1212023496627808 18
1700679633303 1.1151270866394043 19
1700679633307 1.109154224395752 20
1700679633310 1.1032828092575073 21
1700679633313 1.0975120067596436 22
1700679633316 1.0918408632278442 23
1700679633318 1.0862681865692139 24
1700679633321 1.0807932615280151 25
1700679633328 1.0754148960113525 26
1700679633330 1.0701321363449097 27
1700679633332 1.0649441480636597 28
1700679633335 1.059849500656128 29
1700679633338 1.0548474788665771 30
1700679633345 1.0499370098114014 31
1700679633347 1.045116901397705 32
1700679633350 1.040386438369751 33
1700679633352 1.0357441902160645 34
1700679633357 1.0311893224716187 35
1700679633361 1.0267205238342285 36
1700679633363 1.0223371982574463 37
1700679633365 1.0180376768112183 38
1700679633367 1.0138213634490967 39
1700679633371 1.0096871852874756 40
1700679633376 1.0056337118148804 41
1700679633378 1.0016601085662842 42
1700679633380 0.9973723292350769 43
1700679633383 0.9920847415924072 44
1700679633385 0.9868918657302856 45
1700679633388 0.9817928075790405 46
1700679633392 0.9767861366271973 47
1700679633394 0.9718709588050842 48
1700679633396 0.9670464396476746 49
1700679633399 0.962311327457428 50
1700679633401 0.9576646685600281 51
1700679633404 0.9531054496765137 52
1700679633408 0.9486324191093445 53
1700679633411 0.9442447423934937 54
1700679633413 0.9399411678314209 55
1700679633416 0.9357207417488098 56
1700679633418 0.9315822124481201 57
1700679633422 0.9275248646736145 58
1700679633424 0.9235470294952393 59
1700679633427 0.919648289680481 60
1700679633429 0.9158272743225098 61
1700679633431 0.9120826125144958 62
1700679633434 0.9084138870239258 63
1700679633436 0.9048194289207458 64
1700679633439 0.9012983441352844 65
1700679633442 0.8978497385978699 66
1700679633445 0.8944723606109619 67
1700679633447 0.8911651372909546 68
1700679633449 0.8879271149635315 69
1700679633451 0.8847572803497314 70
1700679633454 0.8816544413566589 71
1700679633457 0.8786174058914185 72
1700679633460 0.8756454586982727 73
1700679633462 0.8727372288703918 74
1700679633464 0.8698921799659729 75
1700679633467 0.8671087026596069 76
1700679633472 0.8643859624862671 77
1700679633476 0.8617231845855713 78
1700679633478 0.859119176864624 79
1700679633481 0.8565729856491089 80
1700679633484 0.8540835380554199 81
1700679633487 0.8516499400138855 82
1700679633490 0.8492710590362549 83
1700679633493 0.8469459414482117 84
1700679633495 0.844673752784729 85
1700679633497 0.8424534797668457 86
1700679633500 0.8402841687202454 87
1700679633502 0.8381649851799011 88
1700679633505 0.836094856262207 89
1700679633508 0.8340728878974915 90
1700679633511 0.832098126411438 91
1700679633513 0.8301697373390198 92
1700679633517 0.8282871246337891 93
1700679633520 0.8264488577842712 94
1700679633523 0.824654221534729 95
1700679633527 0.8229027986526489 96
1700679633529 0.8211932182312012 97
1700679633531 0.8195247054100037 98
1700679633534 0.8178967237472534 99
